6.167901914680203390e+01 8.959956279350254249e+01 3.000000000000000000e+00
-5.076462481218229073e-01 -6.599401225583761743e+00 0.000000000000000000e+00
-6.345578101522875158e-01 -7.233959035736035048e+00 0.000000000000000000e+00
-6.345578101522804104e-01 -7.233959035736049259e+00 0.000000000000000000e+00
-6.345578101522875158e-01 -7.360870597766499657e+00 0.000000000000000000e+00
-6.345578101522875158e-01 -7.233959035736035048e+00 0.000000000000000000e+00
-6.345578101522804104e-01 -7.233959035736042154e+00 0.000000000000000000e+00
-6.345578101522875158e-01 -7.233959035736042154e+00 0.000000000000000000e+00
-6.345578101522804104e-01 -7.233959035736042154e+00 0.000000000000000000e+00
-6.345578101522875158e-01 -7.360870597766492551e+00 0.000000000000000000e+00
-6.345578101522804104e-01 -7.233959035736049259e+00 0.000000000000000000e+00
-6.345578101522875158e-01 -7.107047473705577545e+00 0.000000000000000000e+00
