6.523254288365482978e+01 7.893899158294416907e+01 3.000000000000000000e+00
-6.091754977461931730e+00 -1.903673430456862548e+00 0.000000000000000000e+00
-7.741605283857865061e+00 -6.472489663553304240e+00 0.000000000000000000e+00
-3.934258422944168387e+00 -5.076462481218271705e+00 0.000000000000000000e+00
-3.553523736852788772e+00 -5.330285605279186711e+00 0.000000000000000000e+00
-3.299700612791880872e+00 -5.584108729340101718e+00 0.000000000000000000e+00
-2.918965926700508362e+00 -5.711020291370559221e+00 0.000000000000000000e+00
-2.792054364670050859e+00 -5.711020291370559221e+00 0.000000000000000000e+00
-2.538231240609135853e+00 -5.964843415431474227e+00 0.000000000000000000e+00
-2.538231240609135853e+00 -5.964843415431474227e+00 0.000000000000000000e+00
-2.284408116548224399e+00 -5.964843415431474227e+00 0.000000000000000000e+00
-2.157496554517766896e+00 -6.218666539492375023e+00 0.000000000000000000e+00
4.606889701705584628e+01 5.812549540994923802e+01 0.000000000000000000e+00
5.457197167309644215e+00 -4.568816233096441692e+00 0.000000000000000000e+00
