6.167901914680203390e+01 8.959956279350254249e+01 3.000000000000000000e+00
0.000000000000000000e+00 -7.614693721827450190e-01 0.000000000000000000e+00
-1.269115620304575032e-01 -1.522938744365490038e+00 0.000000000000000000e+00
-1.269115620304503977e-01 -1.396027182335018324e+00 0.000000000000000000e+00
-1.269115620304575032e-01 -1.522938744365490038e+00 0.000000000000000000e+00
-1.269115620304575032e-01 -1.396027182335018324e+00 0.000000000000000000e+00
-1.269115620304575032e-01 -1.396027182335018324e+00 0.000000000000000000e+00
-1.269115620304575032e-01 -1.522938744365490038e+00 0.000000000000000000e+00
-1.269115620304575032e-01 -1.396027182335018324e+00 0.000000000000000000e+00
-1.269115620304575032e-01 -1.522938744365490038e+00 0.000000000000000000e+00
-1.269115620304575032e-01 -1.396027182335018324e+00 0.000000000000000000e+00
-1.269115620304575032e-01 -1.522938744365490038e+00 0.000000000000000000e+00
-1.269115620304575032e-01 -1.396027182335018324e+00 0.000000000000000000e+00
-1.269115620304575032e-01 -1.396027182335032535e+00 0.000000000000000000e+00
-1.269115620304503977e-01 -1.522938744365475827e+00 0.000000000000000000e+00
-1.269115620304575032e-01 -1.396027182335032535e+00 0.000000000000000000e+00
-1.269115620304575032e-01 -1.522938744365475827e+00 0.000000000000000000e+00
-1.269115620304575032e-01 -1.396027182335032535e+00 0.000000000000000000e+00
-1.269115620304575032e-01 -1.522938744365475827e+00 0.000000000000000000e+00
-1.269115620304575032e-01 -1.396027182335032535e+00 0.000000000000000000e+00

