6.523254288365482978e+01 7.893899158294416907e+01 3.000000000000000000e+00
-2.538231240609135853e+00 -5.076462481218300127e-01 0.000000000000000000e+00
-2.411319678578685455e+00 -8.883809342132025222e-01 0.000000000000000000e+00
-2.284408116548220846e+00 -1.269115620304560821e+00 0.000000000000000000e+00
-2.284408116548220846e+00 -1.649850306395947541e+00 0.000000000000000000e+00
-4.314993109035533791e+00 -4.061169984974625891e+00 0.000000000000000000e+00
-2.030584992487312945e+00 -2.411319678578678349e+00 0.000000000000000000e+00
-1.649850306395940436e+00 -2.157496554517763343e+00 0.000000000000000000e+00
-1.522938744365482933e+00 -2.157496554517763343e+00 0.000000000000000000e+00
-1.396027182335025429e+00 -2.157496554517770448e+00 0.000000000000000000e+00
-1.522938744365482933e+00 -2.411319678578678349e+00 0.000000000000000000e+00
-1.269115620304567926e+00 -2.284408116548227952e+00 0.000000000000000000e+00
-1.269115620304567926e+00 -2.284408116548220846e+00 0.000000000000000000e+00
-1.269115620304567926e+00 -2.284408116548220846e+00 0.000000000000000000e+00
-1.142204058274110423e+00 -2.284408116548227952e+00 0.000000000000000000e+00
-1.142204058274110423e+00 -2.284408116548220846e+00 0.000000000000000000e+00
-1.142204058274117529e+00 -2.284408116548220846e+00 0.000000000000000000e+00
-1.142204058274110423e+00 -2.411319678578685455e+00 0.000000000000000000e+00
-1.015292496243652920e+00 -2.411319678578678349e+00 0.000000000000000000e+00
-1.142204058274110423e+00 -2.411319678578678349e+00 0.000000000000000000e+00
-1.015292496243656473e+00 -2.411319678578678349e+00 0.000000000000000000e+00
-8.883809342131989695e-01 -2.411319678578678349e+00 0.000000000000000000e+00
-1.015292496243652920e+00 -2.538231240609150063e+00 0.000000000000000000e+00
-1.015292496243656473e+00 -2.411319678578678349e+00 0.000000000000000000e+00
-8.883809342131989695e-01 -2.538231240609135853e+00 0.000000000000000000e+00
-8.883809342131954168e-01 -2.411319678578678349e+00 0.000000000000000000e+00
-8.883809342131989695e-01 -2.411319678578678349e+00 0.000000000000000000e+00
-8.883809342131989695e-01 -2.538231240609135853e+00 0.000000000000000000e+00
-8.883809342131954168e-01 -2.411319678578678349e+00 0.000000000000000000e+00

