6.167901914680203390e+01 8.959956279350254249e+01 8.000000000000000000e+00
6.167901914680203390e+01 8.959956279350254249e+01 3.000000000000000000e+00
6.142519602274112600e+01 8.591912749461928911e+01 3.000000000000000000e+00
6.117137289868021099e+01 8.300016156791878075e+01 3.000000000000000000e+00
6.091754977461929599e+01 8.008119564121827239e+01 3.000000000000000000e+00
6.066372665055838098e+01 7.716222971451776402e+01 3.000000000000000000e+00
6.040990352649746598e+01 7.424326378781725566e+01 3.000000000000000000e+00
6.015608040243655097e+01 7.145120942314720480e+01 3.000000000000000000e+00
5.990225727837564307e+01 6.853224349644669644e+01 3.000000000000000000e+00
5.964843415431472806e+01 6.561327756974618808e+01 3.000000000000000000e+00
5.939461103025381306e+01 6.269431164304567972e+01 3.000000000000000000e+00
5.914078790619289805e+01 5.977534571634517135e+01 3.000000000000000000e+00
5.888696478213198304e+01 5.685637978964467010e+01 3.000000000000000000e+00
5.863314165807106804e+01 5.393741386294416174e+01 3.000000000000000000e+00
5.837931853401016014e+01 5.101844793624365337e+01 3.000000000000000000e+00
5.812549540994924513e+01 4.809948200954314501e+01 3.000000000000000000e+00
5.787167228588833012e+01 4.530742764487309415e+01 3.000000000000000000e+00
5.761784916182741512e+01 4.238846171817258579e+01 3.000000000000000000e+00
5.736402603776650011e+01 3.946949579147207743e+01 3.000000000000000000e+00
5.711020291370559221e+01 3.655052986477156907e+01 3.000000000000000000e+00
5.685637978964467720e+01 3.363156393807105360e+01 3.000000000000000000e+00
5.660255666558376220e+01 3.071259801137055945e+01 3.000000000000000000e+00
5.634873354152284719e+01 2.779363208467005109e+01 3.000000000000000000e+00
5.609491041746193218e+01 2.487466615796954272e+01 3.000000000000000000e+00
5.584108729340101718e+01 2.195570023126903436e+01 3.000000000000000000e+00
5.558726416934010928e+01 1.916364586659898350e+01 3.000000000000000000e+00
5.533344104527919427e+01 1.624467993989847514e+01 3.000000000000000000e+00
5.507961792121827926e+01 1.332571401319796678e+01 3.000000000000000000e+00
5.482579479715736426e+01 1.053365964852791592e+01 3.000000000000000000e+00
